1111111111111111111111111110
1111111111111111111111111101
1111111111111111111111111010
1111111111111111111111110101
1111111111111111111111101010
1111111111111111111111010101
1111111111111111111110101010
1111111111111111111101010100
1111111111111111111010101000
1111111111111111110101010000
1111111111111111101010100000
1111111111111111010101000000
1111111111111110101010000000
1111111111111101010100000000
1111111111111010101000000001
1111111111110101010000000010
1111111111101010100000000101
1111111111010101000000001010
1111111110101010000000010101
1111111101010100000000101010
1111111010101000000001010101
1111110101010000000010101011
1111101010100000000101010111
1111010101000000001010101111
1110101010000000010101011111
1101010100000000101010111111
1010101000000001010101111111
0101010000000010101011111110
1010100000000101010111111101
0101000000001010101111111011
1010000000010101011111110110
0100000000101010111111101100
1000000001010101111111011001
0000000010101011111110110011
0000000101010111111101100110
0000001010101111111011001101
0000010101011111110110011011
0000101010111111101100110110
0001010101111111011001101100
0010101011111110110011011001
0101010111111101100110110011
1010101111111011001101100111
0101011111110110011011001110
1010111111101100110110011101
0101111111011001101100111010
1011111110110011011001110101
0111111101100110110011101010
1111111011001101100111010101
1111110110011011001110101010
1111101100110110011101010100
1111011001101100111010101000
1110110011011001110101010000
1101100110110011101010100000
1011001101100111010101000000
0110011011001110101010000001
1100110110011101010100000011
1001101100111010101000000110
0011011001110101010000001100
0110110011101010100000011000
1101100111010101000000110001